PLOT,TOPO_ELV,TOPO_SLP,TOPO_CURV,TOPO_CI,AGE_CLASS,AGE_CATEGORY,ASPECT,ASPECT_DEC,LABEL,AGE_MEDIAN,POINT_X,POINT_Y,SOIL_PH,SOIL_OM,SOIL_N,SOIL_M,SOIL_C,SOIL_C_N_RATIO,SOIL_S,SOIL_SI,SOIL_CL
P01,215.5,33.8,-0.8,1.9,5,GT70,W,270,>70,70,833848.0474,828539.4447,4.4,3,0.15,24,5.7,19.9,86,6,8
P02,293,8.9,1.2,-1.7,2,LT26,S,180,(14-26],20,833694.6289,829381.6603,4.5,3.3,0.14,21.1,7.2,23,83,10,7
P03,241.7,14.4,1.6,7,3,LT52,NE,45,(26-52],39,831991.5396,827443.7425,4.6,3.2,0.14,26.6,7.2,23,79,12,9
P04,205.1,35.6,0.3,-0.2,4,LT70,W,270,(52-70],61,832847.0395,827126.3724,4.8,2.3,0.1,22.1,6.4,24,87,6,7
P05,266,31.9,1,2.5,4,LT70,E,90,(52-70],61,832891.2283,828248.7239,4.5,3.8,0.17,24.6,7.1,22.4,86,6,8
P06,822.6,21.6,0.5,-0.1,2,LT26,NE,45,(14-26],20,830982.5849,830621.8781,4.5,6.9,0.22,22.6,9.1,31,93,4,3
P07,682.5,21.4,-0.9,-1.5,1,LT14,SW,225,(0-14],7,830205.2701,830187.2638,4.6,3.2,0.1,27.8,4.9,33,89,4,7
P08,265.5,26.5,-1.2,0.4,3,LT52,SE,135,(26-52],39,832834.8152,828403.4337,4.4,2.3,0.15,21.3,5.5,15.7,84,8,8
P09,776.2,19.6,-2.4,1.7,4,LT70,NE,45,(52-70],61,831126.3825,830699.43,4.7,4.5,0.24,21.5,7.2,19,81,8,11
P10,746.5,34.2,-2.1,1.7,1,LT14,W,270,(0-14],7,830528.4259,829869.1748,4.6,3.1,0.09,24.8,6.2,34,85,8,7
P11,328.4,39.5,-0.7,-1.8,4,LT70,NE,45,(52-70],61,832735.0438,828231.3928,4.5,3.8,0.19,22,5.2,20.5,88,6,6
P12,271.2,28.4,-0.3,2.1,3,LT52,E,90,(26-52],39,833029.735,828619.5052,4.4,2.8,0.14,23,6.9,20.2,86,8,6
P13,313.2,33.1,-1.8,-3.9,5,GT70,SW,225,>70,70,834456.7077,828429.1693,4.5,4.2,0.18,23.3,8.3,23.6,90,6,4
P14,260.2,29.6,0.3,-1.2,2,LT26,W,270,(14-26],20,834068.716,827641.8634,4.6,1.5,0.07,21.9,4.3,20.9,78,8,14
P15,245.5,36.3,0.3,-1.2,3,LT52,W,270,(26-52],39,833604.4599,827218.3431,4.5,3.1,0.13,28.5,5.5,23.4,84,8,8
P16,433.9,32.8,0.4,-0.1,1,LT14,NW,315,(0-14],7,834674.0282,830468.6357,4.8,3.5,0.14,21.7,6.5,25,91,4,5
P17,337.3,39.4,-1,2.5,1,LT14,E,90,(0-14],7,834438.2099,829461.7908,4.3,3.2,0.14,25.9,8,23,81,10,9
P18,319.8,29.7,0.3,3.3,1,LT14,S,180,(0-14],7,834822.5207,828365.3604,4.4,6.7,0.32,21.3,10.3,21,91,4,5
P19,815.5,33.8,0.3,-4.9,3,LT52,E,90,(26-52],39,831136.1817,829929.0857,4.5,3.2,0.08,25.5,6.2,41,89,4,7
P20,336.7,18.9,1.2,0.5,3,LT52,SE,135,(26-52],39,832346.4116,827724.2199,4.4,2.9,0.16,27.2,8.4,19,79,10,11
P21,686.6,31,-2.4,-1.6,4,LT70,N,0,(52-70],61,831541.6732,830021.0327,4.5,4.3,0.12,24.5,10.2,35,89,4,7
P22,269.9,28.3,-0.9,-1.6,5,GT70,N,0,>70,70,834337.5218,828473.3765,4.6,4.4,0.21,24.6,7.2,21.4,88,6,6
P23,254.1,30.3,-0.3,-3.9,5,GT70,N,0,>70,70,834345.4269,828573.072,4.5,3.4,0.15,27.6,8,22.1,90,6,4
P24,309.3,34.9,0.1,-1.3,3,LT52,N,0,(26-52],39,834321.8416,828345.1953,4.6,3.9,0.16,24.3,6.9,23.7,94,2,4
P25,359.8,10.3,0.8,4.5,2,LT26,SE,135,(14-26],20,834019.644,829814.358,4.4,3.8,0.13,22.8,10.5,29,87,6,7
P26,446.1,28.5,-1.7,2.9,2,LT26,SE,135,(14-26],20,833349.9044,829769.9214,4.4,4.1,0.11,21.9,7.7,36,83,8,9
P27,415.7,34.4,-0.3,2.1,3,LT52,E,90,(26-52],39,832315.1272,829585.3423,4.6,4.3,0.16,22.9,7.8,27.7,82,8,10
P28,489,34,-2.6,1.7,2,LT26,SE,135,(14-26],20,829489.7556,829534.4486,4.5,4.6,0.16,24.1,7,28,93,2,5

tree_species,P01,P02,P03,P04,P05,P06,P07,P08,P09,P10,P11,P12,P13,P14,P15,P16,P17,P18,P19,P20,P21,P22,P23,P24,P25,P26,P27,P28
Acronychia_pedunculata,1,0,0,22,0,0,0,9,0,0,1,1,3,80,7,0,0,17,0,3,0,0,0,2,20,2,10,0
Aporosa_octandra,7,42,17,27,28,0,0,45,0,0,50,24,7,0,10,0,7,89,0,26,0,0,2,5,30,19,4,0
Archidendron_lucidum,0,1,3,3,0,3,0,0,1,0,5,1,0,0,0,3,6,0,2,3,0,0,0,0,0,1,0,2
Ardisia_quinquegona,19,1,0,0,5,0,0,13,0,0,1,2,0,0,0,2,0,0,0,0,0,10,0,2,8,9,1,0
Camellia_caudata,0,0,0,0,0,24,0,0,24,0,0,0,0,0,4,0,0,0,14,0,3,0,0,0,0,0,3,0
Choerospondias_axillaris,1,0,0,0,0,0,0,0,0,0,0,0,0,0,1,0,0,0,0,0,0,2,3,1,0,0,0,0
Cryptocarya_chinensis,34,0,0,0,0,0,0,0,0,0,0,0,60,2,1,0,0,0,0,0,0,144,140,85,0,0,4,0
Daphniphyllum_calycinum,0,4,1,2,4,0,2,3,0,0,15,0,0,0,0,1,2,6,0,4,1,0,0,2,17,13,0,5
Desmos_chinensis,1,4,15,34,2,0,0,5,0,0,2,3,2,3,8,0,0,0,0,3,0,1,0,1,5,1,0,0
Diospyros_morrisiana,0,2,2,3,15,0,0,5,3,0,9,4,1,0,4,0,32,9,2,1,1,0,0,1,36,14,8,3
Diplospora_dubia,0,0,0,0,0,0,0,0,0,0,0,0,0,23,0,1,0,0,0,0,0,0,0,0,2,1,11,89
Elaeocarpus_chinensis,0,0,0,0,0,0,0,0,0,0,0,0,22,0,0,0,0,0,0,0,0,0,3,0,0,0,0,0
Elaeocarpus_dubius,2,2,0,0,0,0,0,0,0,0,1,1,5,0,1,0,0,0,0,0,0,6,2,10,0,0,0,0
Eurya_chinensis,0,0,0,0,0,0,22,0,0,0,0,0,0,0,3,0,0,0,1,0,0,0,0,0,0,0,0,3
Eurya_macartneyi,0,0,0,0,0,0,0,1,0,0,0,0,0,10,18,0,0,0,21,0,24,0,0,0,0,0,71,1
Eurya_nitida,0,0,0,0,0,8,0,0,3,0,0,1,0,2,20,0,0,2,37,0,1,0,0,1,5,0,0,0
Ficus_fistulosa,0,0,1,0,1,0,0,2,0,3,1,0,3,0,0,9,0,0,1,0,0,0,0,0,0,0,0,0
Garcinia_multiflora,0,0,0,0,0,0,0,0,0,0,0,0,0,0,0,0,0,0,17,0,0,0,0,0,0,0,1,0
Garcinia_oblongifolia,12,0,1,4,4,0,0,18,0,0,3,1,2,19,25,0,1,3,3,6,0,9,0,1,5,1,8,0
Gordonia_axillaris,0,0,0,0,0,0,22,0,0,0,0,0,0,5,1,0,0,0,0,0,0,0,0,0,0,0,0,0
Homalium_cochinchinense,0,0,0,0,0,0,0,0,0,0,0,0,0,13,19,0,0,0,0,0,0,1,0,0,0,0,0,0
Ilex_asprella,0,8,12,1,3,0,6,1,0,3,7,2,1,2,0,0,0,15,0,0,0,0,0,0,62,19,0,19
Ilex_pubescens,0,0,0,0,0,1,0,0,5,0,0,0,1,12,13,1,1,18,0,0,2,0,0,2,2,2,2,0
Ilex_viridis,0,0,0,0,0,10,0,0,44,1,0,0,0,3,3,0,0,0,10,0,4,0,0,0,0,0,0,0
Itea_chinensis,0,0,0,2,1,2,0,0,2,7,0,0,0,43,11,0,0,0,11,0,0,0,0,10,0,1,11,8
Lasianthus_chinensis,151,0,0,2,0,0,0,0,0,0,0,0,0,5,1,0,0,0,0,0,0,0,0,1,1,0,0,0
Ligustrum_japonicum,0,0,0,0,0,29,0,0,9,0,0,0,0,0,0,0,0,0,0,0,1,0,0,0,0,0,0,0
Litsea_acutivena,0,0,0,0,0,0,0,0,0,0,0,0,0,0,0,0,0,0,0,0,23,0,0,0,0,0,0,0
Litsea_rotundifolia_var._oblongifolia,0,2,0,2,0,0,0,0,0,0,6,1,0,10,5,0,5,48,0,2,0,0,0,4,6,6,2,8
Lophostemon_confertus,0,0,7,0,0,0,0,0,0,0,0,0,0,0,35,0,0,0,0,0,0,0,0,6,0,0,0,0
Machilus_breviflora,1,0,0,1,0,0,0,1,5,9,10,2,11,4,2,0,0,3,3,1,16,1,0,3,3,3,3,37
Machilus_chekiangensis,0,6,0,2,1,12,83,5,20,115,14,7,7,1,2,8,5,14,2,3,2,0,0,1,17,12,13,41
Machilus_chinensis,1,0,1,0,0,0,0,0,0,0,0,0,0,0,0,0,0,0,0,0,0,2,2,0,0,0,1,0
Machilus_gamblei,0,0,0,0,32,1,1,0,0,0,11,5,8,0,0,7,3,12,0,8,0,3,5,1,0,3,0,0
Machilus_pauhoi,2,0,1,1,3,0,4,1,0,7,4,2,0,0,0,1,0,1,0,1,0,4,0,2,0,0,0,8
Machilus_thunbergii,0,0,0,0,0,19,2,0,33,5,0,1,0,0,0,1,0,0,7,0,1,0,0,0,0,0,0,2
Melastoma_malabathricum,0,0,0,0,0,0,28,0,0,3,1,0,0,0,0,1,0,2,0,0,0,0,0,0,0,0,0,0
Melicope_pteleifolia,0,0,6,0,1,0,1,1,0,0,6,0,0,0,2,32,6,9,0,3,1,0,0,1,1,3,2,0
Memecylon_ligustrifolium,104,0,0,0,0,0,0,0,0,0,0,0,0,0,0,0,0,0,0,0,0,0,0,0,0,0,0,0
Myrsine_seguinii,0,0,0,0,0,5,1,0,43,0,0,0,0,1,0,0,0,0,31,0,43,0,0,1,18,5,23,12
Prunus_phaeosticta,0,0,0,0,0,0,0,0,0,0,0,0,0,0,0,0,0,0,1,0,29,0,0,0,0,0,0,0
Psychotria_asiatica,47,186,146,126,178,0,0,222,0,0,193,235,22,19,224,10,47,43,0,154,0,2,2,117,112,110,76,22
Reevesia_thyrsoidea,0,0,0,0,0,0,0,0,0,0,0,0,0,0,0,0,0,0,0,0,0,0,0,10,0,0,0,0
Sarcosperma_laurinum,38,1,0,0,0,0,0,33,0,0,2,2,0,0,0,0,0,0,0,0,0,1,1,0,0,0,0,0
Schefflera_heptaphylla,1,1,3,3,2,0,4,4,0,8,6,0,8,1,6,4,5,9,0,0,0,0,1,8,9,2,1,7
Sterculia_lanceolate,8,3,0,31,0,0,0,7,1,0,0,16,0,1,2,0,1,4,0,0,0,6,0,8,1,0,1,0
Symplocos_anomala,0,0,0,0,0,3,1,0,1,0,0,1,1,0,0,0,0,1,0,1,8,0,0,0,0,1,19,1
Symplocos_glauca,1,0,0,1,0,0,0,0,0,0,0,0,1,0,0,0,1,4,0,0,0,0,0,4,37,2,0,0
Syzygium_hancei,1,13,0,0,26,0,0,13,0,0,15,12,4,0,2,0,0,0,0,67,0,0,0,10,22,3,7,9
Syzygium_jambos,3,0,9,0,34,0,0,13,0,0,0,0,0,0,1,0,0,0,0,0,0,0,0,0,0,0,1,0
